0 1101100111 871
10 1100111100 828
11 1100111000 824
12 1100110000 816
13 1100101100 812
14 1100101011 811
15 1100100111 807
16 1100100011 803
17 1100011111 799
18 1100011011 795
19 1100010111 791
1 1101100011 867
20 1100010011 787
2 1101011111 863
3 1101011010 858
4 1101010110 854
5 1101010010 850
6 1101001101 845
7 1101001001 841
8 1101000101 837
9 1100000001 769
21 1100001110 782
22 1100001010 778
23 1100000110 774
24 1100000010 770
25 1011111110 766
26 1011111010 762
27 1011110110 758
28 1011110010 754
29 1011101110 750
30 1011101010 746
31 1011100110 742
32 1011100011 739
33 1011011111 735
34 1011011011 731
35 1011010111 727
36 1011010011 723
37 1011001111 719
38 1011001010 714
39 1011000100 708
40 1011000100 708
41 1010100000 672
42 1010111101 701
43 1010111001 697
44 1010110101 693
45 1010110000 688
46 1010101110 686
47 1010101010 682
48 1010100111 679
49 1010100011 675
50 1010011100 668
51 1010011100 668
52 1010011001 665
53 1010010101 661
54 1010010000 656
55 1010001110 654
56 1010001011 651
57 1010000111 647
58 1010000100 644
59 1000000001 513
60 1001111101 637
81 1000111010 570
82 1000111001 569
83 1000110110 566
84 1000110011 563
85 1000100000 544
86 1000101101 557
87 1000101010 554
88 1000100110 550
89 1000100101 549
90 1000100010 546
61 1001111010 634
62 1001110111 631
63 1001110011 627
64 1001100000 608
65 1001101101 621
66 1001101000 616
67 1001100110 614
68 1001100011 611
69 1001010000 592
70 1001011101 605
71 1001011010 602
72 1001010111 599
73 1001010010 594
74 1001010001 593
75 1001001100 588
76 1001001010 586
77 1001000110 582
78 1001000100 580
79 1001000000 576
80 1000111111 575
